            "40 28 30 73 6 50 61 75",
            "40 56 25 110 89 117",
            "40 42 119 34 59 99 84 13 39",
            "40 10 1 80 107 62 37",
            "40 36 86 60 87 11 57 8",
            "40 46 60 71 76 72 14 5 114",
            "40 71 92 112 55 5 8",
            "40 30 35 61 113 75 20 18 54",
            "40 86 96 17 31 19 4 108 45 66 67 68",
            "40 9 78 7 111 65 66 69",
            "40 9 78 118 91 120 7 48 111 65 70",
            "40 42 26 97 106 119 44 58",
            "40 90 42 104 32 22 77",
            "40 36 103 111 33 94 81",
            "40 36 85 9 79 23 47 27 52",
            "40 36 9 78",
            "40 36 16 74 12 71 92 76",
            "40 9 95 103 33 102 93",
            "40 30 73 98 60 64 115 82",
            "40 36 74 100 31 41 14 5 2 109",
            "40 36 101 21 85 51 95 24 103 111 65 70",
            "40 9 79 118 91 83 105 3",
            "40 74 12 72 14 38 49 68 67 66 4",
            "40 30 90 43 75 54 18 60 87 63 15",
            "40 36 42 88 53 106 22 77",
            "40 30 29 42 88 53 106 119 56 116",
            "40 36 9 78 103 111 70 66 68",
            "40 30 73 18 54 60 87 11 57 55 2",